-10 12 14 -15 -16 53 5 -66 -7
10 11 -12 13 15 16 -17 -44 51
10 -12 15 16 -1 2 3 -4 75
-10 12 -15 -16 52 54 -6 -8 9
13 15 20 21 -22 23 25 -43 49 50
-11 12 -13 -15 -16 17 18 -19 -21 43 44
-16 -19 -21 -28 -29 -38 42 44 -47 48
11 -12 -18 21 -32 33 -34 -36 62 -70
15 23 24 34 -37 40 -41 55 -56 -9
-10 19 32 35 36 37 -43 -60 -6 -72
-16 -28 33 37 -39 45 -46 63 -71 -8
10 15 16 -33 34 -35 -37 -54 6 8 -9
-10 12 14 -16 23 24 25 26 5 -66 -7
10 18 -19 20 -22 -24 -26 -5 -69 73
-14 16 -23 -26 27 29 31 46 -58 76
12 25 26 -33 -35 -40 41 65 -68 -7
15 24 25 27 -28 30 31 -4 61 64
-10 -18 -2 -30 -38 42 -43 46 67 74
-10 12 -15 28 29 -2 -30 -3 46 4 -75
-12 -29 30 -34 35 39 3 -45 57 59