-21 -25 -31
-25 -51
-11 25
-25 -41
-24 51
23 51
11 24
-23 31
23 41
51
-11 22
11
22 41
24 31
41
31
22
11 12 52
31 32 52
-11 -12 14 -52
52
11 12 -14 -31 -32 34 44
-31 34 44
-44 -51 54
11 -14
44
11 -14 15 35
-35 -41 -45
11 15 35
35
-44 -51 54 -55
13 -41 -42 -43
-31 -33
-13 41 43
13 51 53
31 32 33 52
13
35 41 42 45
13 51 53 55
-31 -33 34 44
13 31 33 -34 51 53 -54
-11 -12 -15 41 42 45 -52
41 42
22 -31
35 41 43 45 51 53 55
-51 -55
11 12 15 -41 -42 -45
22 32 35 41 42 45
-11 -12 14
22 -31 -32 34 -42 44
21 22 -51
11 21 23
-21 24 41
23
-23 31 33 -34 43 -44
31 33 -34 51 53 -54
-13 -15 -25 -51 -53 -55
-51 54 -55
41 43 45 51 53 55
23 -31 -32 -33 -52 -53
11 -14 15 -25 -44 45 -51 54 -55
12 13 22 -41 -42 -43
-23 -33 -35 -41 -43 -45
11 -14 15
-13 14 24 -51 -53 54
24
11 12 15 -25 -41 -42 -45 52 55
-31 -33 34
-24 -31 -32 34 -52 54
-31 -32 -33
-51 -53 -55
41 42 43
11 12 -14 24 52 -54
41 42 45
-25
-11 14 -15 24 34 -35