32
22 25 -35
-31 -41 42
12 14 34
15 22 25
-22 -25 -45
-11 41 -42
32 -33 -43
-12 -14 44
22 25
-21 -41 42
41 -42
12 14 24
13 -32 33
-12 -14 
-32 33
12 14 -21 22 -23 24 -32 33 -41 42
21
-23
-15 21 23 -25
21 23 -25
13 -14 -24
13
15
-11
-13 14 15
13 -31 33
-34
31
31 -33 34
-14 -15 -34
21 41 44
43
44
-45
23 -25 -45
-41 -44 45
-23 -31 33 -34
-31 -41 -44 45
-13 14 15 -44
-11 41 -45
-21 25 -35
24
23 32 -33
-33 34 -43
-35
21 -25 -31 35
-23 33
-11 -13 14 15 -21 -23 24 25
-14 -24
22
42
-12
12 14 -22 -25 -32 33 -42 43 -44 -45
14 -44
11 -15 -41 45
-31 -41
-14 -15 -34 -35
-33 34 -43 44
25 45
14 34
21 41
-33 -43
11 -13 -14 31 -33 -34
-11 41
11 -12 13 -15 -22 -25 -32 33 -41 42
25 -35
11 13 -14 -15 -41 -43 44 45
-13 14 -23 24
23 -25 43 -45
-31 33 -34 35 -41 43 -44 45
-21 -24 -41 -44
13 -14 -15 23 -24 -25
21 -23 24 -31 33 -34
12 14 -22 -25 -31 32 34 35 -41 42
13 33