# N czas_s adds subs muls divs peak_bytes peak_calls
1 0.000001 0 0 1 0 8 1
2 0.000005 12 6 7 0 136 2
3 0.000013 26 6 26 0 424 3
4 0.000034 132 66 49 0 648 3
5 0.000033 184 66 110 0 1448 4
6 0.000040 290 96 182 0 1576 4
7 0.000044 404 96 309 0 3144 5
8 0.000164 1116 558 343 0 2696 4
9 0.000167 1316 558 560 0 5288 5
10 0.000185 1588 612 770 0 4648 5
11 0.000197 1898 612 1101 0 8520 6
12 0.000276 2462 888 1274 0 6184 5
13 0.000287 2906 888 1743 0 11592 6
14 0.000322 3416 966 2163 0 9416 6
15 0.000318 4018 966 2794 0 16616 7
16 0.001132 8580 4290 2401 0 10888 5
17 0.001158 9364 4290 3218 0 20136 6
18 0.001157 10184 4392 3920 0 15656 6
19 0.000944 11174 4392 4947 0 27208 7
20 0.001015 12316 4884 5390 0 17448 6
21 0.001053 13536 4884 6651 0 31560 7
22 0.001054 14738 5010 7707 0 24008 7
23 0.001129 16212 5010 9226 0 40936 8
24 0.001346 18962 7080 8918 0 24616 6
25 0.001457 20714 7080 10719 0 44616 7
26 0.001599 22370 7230 12201 0 33224 7
27 0.001384 24424 7230 14308 0 56552 8
28 0.001439 26264 7938 15141 0 34504 7
29 0.001465 28644 7938 17578 0 61416 8
30 0.001460 30826 8112 19558 0 45416 8
31 0.001524 33556 8112 22349 0 76168 9
32 0.005998 63132 31566 16807 0 43656 6
33 0.007374 66236 31566 19976 0 78504 7
34 0.005825 69016 31764 22526 0 57128 7
35 0.005733 72518 31764 26097 0 96328 8
36 0.005645 75176 32688 27440 0 57128 7
37 0.006080 79100 32688 31437 0 100936 8
38 0.005810 82550 32910 34629 0 73416 8
39 0.006255 86920 32910 39076 0 122088 9
40 0.006658 91012 36588 37730 0 68648 7
41 0.006709 95852 36588 42651 0 122440 8
42 0.006656 100044 36834 46557 0 88008 8
43 0.006793 105378 36834 51976 0 147176 9
44 0.006547 108974 37974 53949 0 85960 8
45 0.006985 114826 37974 59890 0 150760 9
46 0.006624 119832 38244 64582 0 108648 9
47 0.007218 126226 38244 71069 0 179336 10
48 0.009314 139646 53016 62426 0 98344 7
49 0.016260 146606 53016 69483 0 175176 8
50 0.011309 152498 53310 75033 0 124616 8
51 0.009843 160048 53310 82684 0 207848 9
52 0.009881 164702 54666 85407 0 119752 8
53 0.009739 172866 54666 93676 0 209640 9
54 0.010028 179716 54984 100156 0 149864 9
55 0.010286 188518 54984 109067 0 246664 10
56 0.010758 193256 60270 105987 0 134856 8
57 0.011219 202720 60270 115564 0 238824 9
58 0.011694 210600 60612 123046 0 169064 9
59 0.011117 220750 60612 133313 0 280456 10
60 0.011002 226582 62184 136906 0 160616 9
61 0.010720 237442 62184 147887 0 279688 10
62 0.010846 246424 62550 156443 0 199176 10
63 0.011106 258018 62550 168162 0 326184 11
64 0.039501 454212 227106 117649 0 174728 7
65 0.039189 466564 227106 130130 0 309928 8
66 0.038962 476720 227496 139832 0 217896 8
67 0.040056 489854 227496 153099 0 361544 9
68 0.041326 496984 229284 157682 0 205096 8
69 0.042186 510924 229284 171759 0 357448 9
70 0.041969 522326 229698 182679 0 253128 9
71 0.041061 537096 229698 197590 0 414440 10
72 0.042712 541784 236592 192080 0 223016 8
73 0.041695 557408 236592 207849 0 393544 9
74 0.041538 570128 237030 220059 0 276168 9
75 0.041947 586630 237030 236710 0 456168 10
76 0.042461 595178 239034 242403 0 258248 9
77 0.043163 612582 239034 259960 0 447976 10
78 0.042686 626692 239496 273532 0 316776 10
79 0.044099 645022 239496 292019 0 516488 11
80 0.046985 656284 265716 264110 0 273448 8
81 0.046561 675564 265716 283551 0 483400 9
82 0.047218 691136 266202 298557 0 337608 9
83 0.048362 711390 266202 318976 0 558056 10
84 0.047325 721476 268422 325899 0 313800 9
85 0.045986 742728 268422 347320 0 545000 10
86 0.045674 759834 268932 363832 0 383848 10
87 0.045936 782108 268932 386279 0 626056 11
88 0.045857 786050 277434 377643 0 333768 9
89 0.046224 809370 277434 401140 0 587240 10
90 0.046708 828082 277968 419230 0 409960 10
91 0.046907 852472 277968 443801 0 674952 11
92 0.047509 864216 280404 452074 0 379496 10
93 0.047809 889700 280404 477743 0 656264 11
94 0.047491 910090 280962 497483 0 462088 11
95 0.047690 936692 280962 524274 0 750888 12
96 0.065711 1005170 384936 436982 0 393256 8
97 0.066837 1032914 384936 464919 0 694344 9
98 0.065411 1055054 385518 486381 0 482504 9
99 0.068732 1083964 385518 515488 0 796136 10
100 0.067651 1097486 388170 525231 0 444616 9
110 0.069407 1355926 403038 763469 0 633864 11
120 0.076617 1629274 456888 958342 0 621416 10
130 0.284856 3316648 1615092 910910 0 850728 9
140 0.281203 3715082 1637286 1278753 0 880328 10
150 0.286080 4173910 1692960 1656970 0 1176168 11
160 0.315271 4670788 1898412 1848770 0 1092648 9
170 0.320327 5285796 1922304 2431240 0 1469800 11
180 0.333027 5893774 1994376 2934610 0 1446760 11
190 0.337556 6665144 2020884 3669918 0 1906088 13
200 0.468697 7802402 2777190 3676617 0 1724616 10
210 0.480718 8657698 2858352 4414270 0 2229864 11
220 0.515263 9636682 2893866 5344283 0 2182664 12
230 0.542267 10638610 3169038 5937953 0 2770696 12
240 0.542605 11577718 3284616 6708394 0 2464616 11
250 0.556354 12908936 3320148 7991214 0 3191208 13
260 1.949474 23419336 11407044 6376370 0 3013928 10
270 1.953608 24976636 11445192 7881748 0 3852136 12
280 2.031669 26240774 11578602 8951271 0 3389128 11
290 2.042119 27671636 11936886 9850407 0 4250568 11
300 2.023771 29487370 11985720 11598790 0 4056168 12
310 2.070295 31301968 12105834 13239317 0 5050888 13
320 2.243662 33002716 13442484 12941390 0 4369448 10
330 2.268268 35323144 13489656 15197560 0 5554280 12
340 2.276548 37347372 13629528 17018680 0 5169000 12
350 2.280197 39963602 13679316 19567128 0 6494888 14
360 2.351243 41645218 14155032 20542270 0 5593960 12
370 2.340867 44180524 14300634 22866473 0 6938888 13
380 2.373394 47089208 14362788 25689426 0 6526888 14
390 3.319092 52651156 19485192 23575468 0 7982696 12
400 3.278711 55096814 19680330 25736319 0 6844616 11
410 3.506696 58679452 19739142 29238839 0 8596488 13
420 3.454332 61133086 20273064 30899890 0 7874664 12
430 3.409916 65081246 20334492 34764408 0 9797032 14
440 3.447374 68037574 20547462 37409981 0 8377864 13
450 3.813555 70847236 22425192 37411948 0 10241896 12
460 3.754295 75105070 22500666 41565671 0 9541896 13
470 3.857293 79161638 22685220 45354708 0 11625896 14
480 3.973169 81735226 23337912 46958758 0 9837416 12
490 3.885080 86853074 23408364 51980628 0 12265128 14
500 4.004090 91112552 23616036 55938498 0 11191208 14
510 4.012654 96665642 23689104 61392086 0 13818856 16
520 13.975575 164746552 80254908 44634590 0 11666728 11
530 13.663592 169848068 80464950 49431543 0 14241736 12
540 13.918283 175711252 80553744 55172236 0 13183336 13
550 14.054273 179972610 81245916 58406236 0 15900008 13
560 14.104879 184626218 81520614 62658897 0 13424328 12
570 14.140133 191552276 81602706 69473117 0 16636680 14
580 14.231064 194710652 84062802 68952849 0 15015368 12
590 14.281231 202141672 84147510 76268507 0 18457096 14
600 14.159169 207491590 84440040 81191530 0 15576168 13
610 15.149010 212542242 85215324 85091356 0 18838888 13
620 14.825824 220266976 85317438 92675219 0 17351688 14
630 15.282356 227451714 85566432 99498966 0 20915368 15
640 16.114222 232247812 94711788 90589730 0 17476648 11
650 15.805402 241255080 94805520 99469300 0 21582440 13
660 15.622563 248568808 95080992 106382920 0 19493480 13
670 15.621346 258150758 95177340 115833648 0 23858088 15
680 15.819737 262818804 96100296 119130760 0 19965800 13
690 16.689977 271372730 96374778 127286663 0 24161288 14
700 16.145417 281215214 96490212 136969896 0 22174888 15
710 16.970108 285508768 99508566 136750019 0 26501640 14
720 17.797644 293071726 99862824 143795890 0 22182760 13
730 16.465673 304433204 99968196 155013810 0 27290792 15
740 16.413624 310906468 100925838 160065311 0 24462088 14
750 16.859675 322912348 101033826 171924109 0 29858376 16
760 16.318342 331357256 101405916 179825982 0 25010088 15
770 23.212284 358166858 137180190 152989473 0 30007496 12
780 22.514215 370383292 137308944 165028276 0 27451496 13
790 22.914243 381582400 137622378 175772933 0 32885256 14
800 23.696715 387597698 138722310 180154233 0 27324616 12
810 22.624213 401586386 138839322 193983503 0 33543688 14
820 23.049813 412773364 139182594 204671873 0 30113288 14
830 23.664885 427476174 139302222 219211741 0 36650056 16
840 23.642431 430048402 142969848 216299230 0 30453864 13
850 23.831188 442940938 143308770 228700283 0 36660232 14
860 23.260923 457787522 143450844 243350856 0 33464232 15
870 23.614910 467412510 144560016 251329386 0 39826344 15
880 24.247033 478586218 144993834 261869867 0 33158664 14
890 23.867169 495475116 145122486 278583487 0 40597576 16
900 25.220673 498360652 158191344 261883636 0 36161896 13
910 25.133226 516033392 158322612 279377574 0 43947944 15
920 25.784606 528274690 158774262 290959697 0 36626696 14
930 25.636781 539049332 159966546 299964413 0 43807496 14
940 25.958511 556782266 160121940 317482956 0 39901096 15
950 26.307864 572881944 160499814 333034723 0 47595336 16
960 26.500412 574911382 164747784 328711306 0 39328616 13
970 25.865426 594973490 164888076 348582276 0 48096168 15
980 25.952357 610852718 165299148 363864396 0 42997928 15
990 26.759917 631768388 165442056 384585404 0 52142056 17
1000 26.851480 640787864 166812252 391569486 0 43191208 15
