# N metoda czas_s adds subs muls divs peak_bytes peak_calls correct max_diff
1 Binet 0.000030 1 0 1 0 16 2 1 0.000000
2 Binet 0.000000 8 0 8 0 64 2 1 0.000000
3 Binet 0.000000 27 0 27 0 144 2 1 0.000000
4 Binet 0.000001 64 0 64 0 256 2 1 0.000000
5 Binet 0.000001 125 0 125 0 400 2 1 0.000000
6 Binet 0.000002 216 0 216 0 576 2 1 0.000000
7 Binet 0.000001 343 0 343 0 784 2 1 0.000000
8 Binet 0.000001 512 0 512 0 1024 2 1 0.000000
9 Binet 0.000006 729 0 729 0 1296 2 1 0.000000
10 Binet 0.000001 1000 0 1000 0 1600 2 1 0.000000
11 Binet 0.000001 1331 0 1331 0 1936 2 1 0.000000
12 Binet 0.000002 1728 0 1728 0 2304 2 1 0.000000
13 Binet 0.000002 2197 0 2197 0 2704 2 1 0.000000
14 Binet 0.000002 2744 0 2744 0 3136 2 1 0.000000
15 Binet 0.000003 3375 0 3375 0 3600 2 1 0.000000
16 Binet 0.000003 4096 0 4096 0 4096 2 1 0.000000
17 Binet 0.000003 4913 0 4913 0 4624 2 1 0.000000
18 Binet 0.000003 5832 0 5832 0 5184 2 1 0.000000
19 Binet 0.000004 6859 0 6859 0 5776 2 1 0.000000
20 Binet 0.000005 8000 0 8000 0 6400 2 1 0.000000
21 Binet 0.000004 9261 0 9261 0 7056 2 1 0.000000
22 Binet 0.000004 10648 0 10648 0 7744 2 1 0.000000
23 Binet 0.000005 12167 0 12167 0 8464 2 1 0.000000
24 Binet 0.000005 13824 0 13824 0 9216 2 1 0.000000
25 Binet 0.000006 15625 0 15625 0 10000 2 1 0.000000
26 Binet 0.000007 17576 0 17576 0 10816 2 1 0.000000
27 Binet 0.000007 19683 0 19683 0 11664 2 1 0.000000
28 Binet 0.000008 21952 0 21952 0 12544 2 1 0.000000
29 Binet 0.000009 24389 0 24389 0 13456 2 1 0.000000
30 Binet 0.000009 27000 0 27000 0 14400 2 1 0.000000
31 Binet 0.000010 29791 0 29791 0 15376 2 1 0.000000
32 Binet 0.000013 32768 0 32768 0 16384 2 1 0.000000
33 Binet 0.000012 35937 0 35937 0 17424 2 1 0.000000
34 Binet 0.000013 39304 0 39304 0 18496 2 1 0.000000
35 Binet 0.000014 42875 0 42875 0 19600 2 1 0.000000
36 Binet 0.000015 46656 0 46656 0 20736 2 1 0.000000
37 Binet 0.000023 50653 0 50653 0 21904 2 1 0.000000
38 Binet 0.000023 54872 0 54872 0 23104 2 1 0.000000
39 Binet 0.000018 59319 0 59319 0 24336 2 1 0.000000
40 Binet 0.000019 64000 0 64000 0 25600 2 1 0.000000
41 Binet 0.000021 68921 0 68921 0 26896 2 1 0.000000
42 Binet 0.000022 74088 0 74088 0 28224 2 1 0.000000
43 Binet 0.000032 79507 0 79507 0 29584 2 1 0.000000
44 Binet 0.000038 85184 0 85184 0 30976 2 1 0.000000
45 Binet 0.000034 91125 0 91125 0 32400 2 1 0.000000
46 Binet 0.000032 97336 0 97336 0 33856 2 1 0.000000
47 Binet 0.000038 103823 0 103823 0 35344 2 1 0.000000
48 Binet 0.000038 110592 0 110592 0 36864 2 1 0.000000
49 Binet 0.000034 117649 0 117649 0 38416 2 1 0.000000
50 Binet 0.000042 125000 0 125000 0 40000 2 1 0.000000
51 Binet 0.000047 132651 0 132651 0 41616 2 1 0.000000
52 Binet 0.000051 140608 0 140608 0 43264 2 1 0.000000
53 Binet 0.000053 148877 0 148877 0 44944 2 1 0.000000
54 Binet 0.000070 157464 0 157464 0 46656 2 1 0.000000
55 Binet 0.000064 166375 0 166375 0 48400 2 1 0.000000
56 Binet 0.000061 175616 0 175616 0 50176 2 1 0.000000
57 Binet 0.000064 185193 0 185193 0 51984 2 1 0.000000
58 Binet 0.000064 195112 0 195112 0 53824 2 1 0.000000
59 Binet 0.000080 205379 0 205379 0 55696 2 1 0.000000
60 Binet 0.000075 216000 0 216000 0 57600 2 1 0.000000
61 Binet 0.000073 226981 0 226981 0 59536 2 1 0.000000
62 Binet 0.000082 238328 0 238328 0 61504 2 1 0.000000
63 Binet 0.000085 250047 0 250047 0 63504 2 1 0.000000
64 Binet 0.000091 262144 0 262144 0 65536 2 1 0.000000
65 Binet 0.000327 278850 0 274625 0 77096 5 1 0.000000
66 Binet 0.000304 291852 0 287496 0 78408 5 1 0.000000
67 Binet 0.000325 305252 0 300763 0 81880 5 1 0.000000
68 Binet 0.000293 319056 0 314432 0 83232 5 1 0.000000
69 Binet 0.000308 333270 0 328509 0 86808 5 1 0.000000
70 Binet 0.000338 347900 0 343000 0 88200 5 1 0.000000
71 Binet 0.000364 362952 0 357911 0 91880 5 1 0.000000
72 Binet 0.000352 378432 0 373248 0 93312 5 1 0.000000
73 Binet 0.000345 394346 0 389017 0 97096 5 1 0.000000
74 Binet 0.000365 410700 0 405224 0 98568 5 1 0.000000
75 Binet 0.000406 427500 0 421875 0 102456 5 1 0.000000
76 Binet 0.000411 444752 0 438976 0 103968 5 1 0.000000
77 Binet 0.000416 462462 0 456533 0 107960 5 1 0.000000
78 Binet 0.000466 480636 0 474552 0 109512 5 1 0.000000
79 Binet 0.000446 499280 0 493039 0 113608 5 1 0.000000
80 Binet 0.000500 518400 0 512000 0 115200 5 1 0.000000
81 Binet 0.000494 538002 0 531441 0 119400 5 1 0.000000
82 Binet 0.000509 558092 0 551368 0 121032 5 1 0.000000
83 Binet 0.000506 578676 0 571787 0 125336 5 1 0.000000
84 Binet 0.000497 599760 0 592704 0 127008 5 1 0.000000
85 Binet 0.000502 621350 0 614125 0 131416 5 1 0.000000
86 Binet 0.000504 643452 0 636056 0 133128 5 1 0.000000
87 Binet 0.000539 666072 0 658503 0 137640 5 1 0.000000
88 Binet 0.000498 689216 0 681472 0 139392 5 1 0.000000
89 Binet 0.000523 712890 0 704969 0 144008 5 1 0.000000
90 Binet 0.000512 737100 0 729000 0 145800 5 1 0.000000
91 Binet 0.000617 761852 0 753571 0 150520 5 1 0.000000
92 Binet 0.000623 787152 0 778688 0 152352 5 1 0.000000
93 Binet 0.000664 813006 0 804357 0 157176 5 1 0.000000
94 Binet 0.000687 839420 0 830584 0 159048 5 1 0.000000
95 Binet 0.000823 866400 0 857375 0 163976 5 1 0.000000
96 Binet 0.000722 893952 0 884736 0 165888 5 1 0.000000
97 Binet 0.000640 922082 0 912673 0 170920 5 1 0.000000
98 Binet 0.000703 950796 0 941192 0 172872 5 1 0.000000
99 Binet 0.000751 980100 0 970299 0 178008 5 1 0.000000
100 Binet 0.000744 1010000 0 1000000 0 180000 5 1 0.000000
