# N time_s adds subs muls divs peak_bytes peak_calls
1 0.000001 0 0 0 0 0 0
2 0.000007 0 2 8 3 136 2
3 0.000022 29 17 76 10 616 3
4 0.000015 29 17 76 10 616 3
5 0.000080 226 90 426 28 1640 4
6 0.000070 226 90 426 28 1640 4
7 0.000115 394 98 632 28 2536 4
8 0.000144 394 98 632 28 2536 4
9 0.000459 1375 357 2116 72 4552 5
10 0.000522 1375 357 2116 72 4552 5
11 0.000536 1805 369 2604 72 5960 5
12 0.000525 1805 369 2604 72 5960 5
13 0.001152 3152 460 4166 72 8296 5
14 0.001091 3152 460 4166 72 8296 5
15 0.001605 3964 476 5056 72 10216 5
16 0.001511 3964 476 5056 72 10216 5
17 0.004007 8269 1271 10848 176 14120 6
18 0.002476 8269 1271 10848 176 14120 6
19 0.002687 9583 1291 12260 176 16552 6
20 0.004138 9583 1291 12260 176 16552 6
21 0.003215 13146 1434 16162 176 20296 6
22 0.003288 13146 1434 16162 176 20296 6
23 0.005158 15082 1458 18216 176 23240 6
24 0.003614 15082 1458 18216 176 23240 6
25 0.006942 22379 1865 26348 176 28360 6
26 0.006606 22379 1865 26348 176 28360 6
27 0.008630 25057 1893 29164 176 31816 6
28 0.008822 25057 1893 29164 176 31816 6
29 0.010854 31892 2088 36462 176 36968 6
30 0.011884 31892 2088 36462 176 36968 6
31 0.012662 35432 2120 40160 176 40936 6
32 0.011649 35432 2120 40160 176 40936 6
33 0.014819 53273 4363 62104 416 48520 7
34 0.014842 53273 4363 62104 416 48520 7
35 0.010459 57795 4399 66804 416 53000 7
36 0.009642 57795 4399 66804 416 53000 7
37 0.010113 68958 4646 78554 416 59560 7
38 0.010546 68958 4646 78554 416 59560 7
39 0.010582 74582 4686 84376 416 64552 7
40 0.010381 74582 4686 84376 416 64552 7
41 0.012727 94175 5333 105300 416 72872 7
42 0.014365 94175 5333 105300 416 72872 7
43 0.014506 101021 5377 112364 416 78376 7
44 0.015951 101021 5377 112364 416 78376 7
45 0.018747 117568 5676 129622 416 86344 7
46 0.020245 117568 5676 129622 416 86344 7
47 0.020851 125756 5724 138048 416 92360 7
48 0.018535 125756 5724 138048 416 92360 7
49 0.026161 159685 7135 174704 416 102952 7
50 0.025853 159685 7135 174704 416 102952 7
51 0.026559 169335 7187 184612 416 109480 7
52 0.026172 169335 7187 184612 416 109480 7
53 0.033184 192322 7538 208434 416 118856 7
54 0.031608 192322 7538 208434 416 118856 7
55 0.033811 203554 7594 219944 416 125896 7
56 0.035999 203554 7594 219944 416 125896 7
57 0.051185 241395 8481 259612 416 137416 7
58 0.044231 241395 8481 259612 416 137416 7
59 0.050053 254329 8541 272844 416 144968 7
60 0.047992 254329 8541 272844 416 144968 7
61 0.055030 284812 8944 304286 416 155752 7
62 0.056573 284812 8944 304286 416 155752 7
63 0.067928 299568 9008 319360 416 163816 7
64 0.065194 299568 9008 319360 416 163816 7
65 0.069022 371633 14995 402216 960 178664 8
66 0.067243 371633 14995 402216 960 178664 8
67 0.068971 388331 15063 419252 960 187240 8
68 0.069675 388331 15063 419252 960 187240 8
69 0.072827 427366 15518 459370 960 199432 8
70 0.069816 427366 15518 459370 960 199432 8
71 0.070963 446126 15590 478488 960 208520 8
72 0.072607 446126 15590 478488 960 208520 8
73 0.072644 508167 16717 542852 960 223240 8
74 0.075714 508167 16717 542852 960 223240 8
75 0.083665 529109 16793 564172 960 232840 8
76 0.077007 529109 16793 564172 960 232840 8
77 0.082719 577752 17300 614022 960 246440 8
78 0.080531 577752 17300 614022 960 246440 8
79 0.085526 600996 17380 637664 960 256552 8
80 0.080126 600996 17380 637664 960 256552 8
81 0.092827 693037 19639 734080 960 273928 8
82 0.120451 693037 19639 734080 960 273928 8
83 0.116332 718703 19723 760164 960 284552 8
84 0.097233 718703 19723 760164 960 284552 8
85 0.096825 778010 20282 820802 960 299560 8
86 0.094730 778010 20282 820802 960 299560 8
87 0.102378 806218 20370 849448 960 310696 8
88 0.101747 806218 20370 849448 960 310696 8
89 0.109207 898411 21737 944460 960 328616 8
90 0.114645 898411 21737 944460 960 328616 8
91 0.120965 929281 21829 975788 960 340264 8
92 0.112930 929281 21829 975788 960 340264 8
93 0.125962 1000308 22440 1048270 960 356680 8
94 0.129797 1000308 22440 1048270 960 356680 8
95 0.133657 1033960 22536 1082400 960 368840 8
96 0.145564 1033960 22536 1082400 960 368840 8
97 0.225417 1180617 26843 1237112 960 390280 8
98 0.256906 1180617 26843 1237112 960 390280 8
99 0.267771 1217171 26943 1274164 960 402952 8
100 0.170695 1217171 26943 1274164 960 402952 8
110 0.246792 1609200 30140 1673846 960 488008 8
120 0.414266 2048498 34362 2122728 960 576968 8
130 0.503951 2752097 52643 2860744 2176 684616 9
140 0.523592 3320261 56009 3437324 2176 787432 9
150 0.593074 4117066 62154 4247778 2176 906632 9
160 0.667911 4861656 65976 5001952 2176 1024552 9
170 0.736065 6022303 76885 6185108 2176 1165192 9
180 0.940855 7049079 83347 7226532 2176 1300616 9
190 1.065802 8266828 88944 8457694 2176 1450312 9
200 1.236357 9623694 102982 9842840 2176 1602952 9
210 1.602969 11362637 113431 11604288 2176 1776392 9
220 1.917521 12802721 118757 13057708 2176 1940008 9
230 2.535157 14795726 131702 15077882 2176 2126248 9
240 3.170901 16509676 137484 16806336 2176 2304968 9
250 3.910808 18983171 149841 19306492 2176 2512072 9
260 4.270809 21388123 190535 21786932 4864 2712616 10
270 3.989838 23887592 198532 24305574 4864 2926952 10
280 4.087235 26406330 208514 26847016 4864 3139432 10
290 4.384001 29886521 227371 30366104 4864 3382216 10
300 4.519899 32596925 234657 33094764 4864 3606632 10
310 4.751376 36120930 247442 36647218 4864 3857032 10
320 5.034515 39202640 255184 39748352 4864 4096552 10
330 5.276784 43800583 282573 44400900 4864 4374248 10
340 5.801969 47554799 294795 48182884 4864 4633192 10
350 6.135276 51791988 305192 52445006 4864 4912168 10
360 6.812038 56172422 323390 56864088 4864 5188616 10
370 7.577662 61677205 341839 62408656 4864 5497096 10
380 7.801220 66056329 351085 66810956 4864 5782312 10
390 8.858930 72103222 389454 72932490 4864 6102632 10
400 9.680018 76951092 399156 77804704 4864 6402952 10
410 10.948158 83712667 419513 84610220 4864 6745096 10
420 12.485075 89722947 440879 90665844 4864 7068392 10
430 14.503710 96153856 453676 97127446 4864 7412008 10
440 15.991095 102460834 469418 103470248 4864 7748008 10
450 18.016502 111111633 506995 112195944 4864 8128232 10
460 20.113486 117557877 518201 118670284 4864 8474248 10
470 21.482890 125748282 537626 126903938 4864 8855848 10
480 25.657638 132760712 549288 133945632 4864 9216968 10
490 25.146575 142791759 580837 144041908 4864 9629608 10
500 27.434774 150982215 598819 152273252 4864 10012072 10
510 39.835875 160062844 614016 161390334 4864 10420328 10
520 36.659760 169817854 712118 171324952 10752 10824616 11
530 40.991276 181200477 738567 182764640 10752 11268136 11
540 39.653588 190112241 751733 191709420 10752 11674952 11
550 38.816898 201789886 782598 203451994 10752 12125512 11
560 39.561418 211365276 796220 213061568 10752 12547432 11
570 46.855213 224526931 824577 226284444 10752 13024616 11
580 46.802573 236347819 864663 238186420 10752 13474216 11
590 42.012936 248534168 882260 250414982 10752 13947112 11
600 42.922156 260338186 903762 262267944 10752 14406632 11
610 39.933685 275983497 943259 277994872 10752 14921416 11
620 39.966707 287759181 958385 289808492 10752 15389032 11
630 41.276809 302555186 984450 304662546 10752 15901832 11
640 46.037184 315091936 1000032 317238400 10752 16384552 11
650 47.931856 333414615 1068093 335693156 10752 16936264 11
660 44.830123 347750111 1091835 350082660 10752 17442248 11
670 46.942720 363498180 1111832 365878702 10752 17979784 11
680 47.834150 379339734 1146190 381793304 10752 18505192 11
690 61.000131 398712197 1180639 401240112 10752 19083752 11
700 60.656736 413750201 1197725 416320972 10752 19612168 11
710 66.231723 433721862 1250430 436398890 10752 20197096 11
720 68.770344 449618372 1267972 452339424 10752 20740616 11
730 72.870743 471292107 1304329 474091660 10752 21352840 11
740 78.105395 490117107 1341855 492996404 10752 21925096 11
750 69.376247 509882896 1364252 512815926 10752 22527272 11
760 74.323813 528892754 1391514 531887848 10752 23110312 11
770 75.288358 554915393 1493443 558103688 10752 23765416 11
780 77.667954 573614117 1512489 576850188 10752 24354632 11
790 79.928189 596954922 1545194 600263842 10752 24998632 11
800 86.950898 616609592 1564696 619967456 10752 25602952 11
810 96.227129 644247039 1616885 647712852 10752 26287592 11
820 97.919940 666436375 1646387 669969316 10752 26917096 11
830 99.182214 690675884 1671184 694268318 10752 27583912 11
840 101.842234 715522990 1728742 719232024 10752 28236392 11
850 111.641314 744997293 1771191 748797952 10752 28949992 11
860 116.174540 767755137 1792197 771608492 10752 29600008 11
870 123.975466 797162222 1840982 801118266 10752 30314888 11
880 127.839169 820973452 1862444 824983360 10752 30980008 11
890 129.970752 853271267 1906801 857376956 10752 31727272 11
900 141.112660 882293627 1988327 886558644 10752 32428232 11
910 144.652453 911462856 2015524 915793126 10752 33159688 11
920 148.527933 939387354 2048546 943792808 10752 33866248 11
930 154.470577 975933785 2108683 980463576 10752 34653032 11
940 158.753290 1003149149 2131649 1007736556 10752 35363848 11
950 169.544613 1036973954 2170994 1041649010 10752 36139048 11
960 175.425543 1065340144 2194416 1070073984 10752 36864968 11
970 185.076412 1105857127 2274285 1110750532 10752 37688584 11
980 195.614490 1137609103 2309547 1142582756 10752 38441608 11
990 206.355520 1172164052 2339144 1177208718 10752 39237704 11
1000 215.298247 1206589926 2389662 1211742040 10752 40012072 11
